0, 0, 0, 0, 0.387098, 0, 0, 0.723332, 0, 0, 1, 0, 0, 1.523679, 0, 0, 5.20426, 0, 0, 0, 0, 0, 0, 0.02765, 0, 0, 0.02023, 0, 0, 0.017201, 0, 0, 0.013905, 0, 0, 0.007548, 0
60, 0.000022346287741521252, 0.000002623368708944593, 0, -0.1602375571409632, -0.35237139128668754, 0, -0.07714322649834998, 0.7194409393592627, 0, 0.5129469062151061, 0.8583040765425046, 0, 1.2998887950635947, 0.7930221935290569, 0, 5.18460441443168, 0.4523097190653404, 0, 0.0000007167150338491229, 0.00000011430321744115271, 0, 0.02516957019932078, -0.011446237519527799, 0, -0.020107711300742667, -0.002151201708848106, 0, -0.014767974371953697, 0.008821942685597686, 0, -0.007273729581793634, 0.01186104695535361, 0, -0.0006547718522015723, 0.0075194931635891235, 0
120, 0.00008320494550056499, 0.000014824860731086585, 0, -0.2543536583293784, 0.29176043588757117, 0, -0.7073457209871158, -0.1526242219463128, 0, -0.47378961134633496, 0.8802113508269683, 0, 0.6936289822104221, 1.3524866001425482, 0, 5.125786686718292, 0.9012029535840811, 0, 0.0000012877384306314466, 0.0000002927396744064124, 0, -0.020836650524180156, -0.01817262520177465, 0, 0.00426747276746942, -0.019763712038261, 0, -0.015147689145101235, -0.008159715979208719, 0, -0.012427459291588167, 0.006310199019668394, 0, -0.0013045795528003668, 0.007434189512220387, 0
180, 0.00017574837253410335, 0.000035540322759007484, 0, 0.37107096415274826, 0.11086757977387868, 0, 0.22674949023155738, -0.687009114625389, 0, -0.9983793713637528, 0.04397715693956056, 0, -0.11753883564720793, 1.5116728366810908, 0, 5.0282527059052, 1.3432892419994822, 0, 0.00000181708383416887, 0.0000003859803303147745, 0, -0.007914572625361242, 0.026492640653672437, 0, 0.019209290834547324, 0.006339975087081322, 0, -0.0007546323008746923, -0.017192151956227558, 0, -0.013923597203913356, -0.0011484303909776636, 0, -0.0019444978825905077, 0.007292739193073703, 0
240, 0.00030300681297910985, 0.00006254499416826695, 0, -0.05235588949933997, -0.38344468315361335, 0, 0.659094853079157, 0.29877630650548126, 0, -0.549041276192783, -0.8351057218617028, 0, -0.8932883414217809, 1.220505239301726, 0, 4.892741792830406, 1.7752300010937765, 0, 0.0000024291106456885032, 0.0000005280881295296342, 0, 0.027394842642807622, -0.003760476903203086, 0, -0.008348695725653566, 0.01842556441129382, 0, 0.014376257140639536, -0.009458545921009557, 0, -0.01126703302789789, -0.008316264202562654, 0, -0.002569677400198472, 0.007096220098960684, 0
300, 0.0004673828251212268, 0.00010145680807643686, 0, -0.3268469231814087, 0.2067857538339812, 0, -0.36673557949896457, 0.6236677187952497, 0, 0.43602827808628336, -0.8999306894676014, 0, -1.400752011822311, 0.5633999055359551, 0, 4.720281018951038, 2.1937639526196864, 0, 0.000003031167675194245, 0.0000007908745425223129, 0, -0.014759642330569051, -0.02337744483330035, 0, -0.017423330381266686, -0.010255985534258948, 0, 0.015489309844687374, 0.007491269977619519, 0, -0.005206171016609844, -0.01302469292137353, 0, -0.003175381871467136, 0.006846129488341691, 0
360, 0.0006647774439756821, 0.0001570745112067941, 0, 0.3242977508593476, 0.21254137531890666, 0, -0.5807730701162763, -0.43069061080751103, 0, 0.9967946810992928, -0.08767830761478576, 0, -1.485916890265722, -0.2633215620243831, 0, 4.512177315766711, 2.5957319318284253, 0, 0.0000035537888473224155, 0.0000010571304051247945, 0, -0.015166566584872233, 0.02311783407221725, 0, 0.012045137693157352, -0.016242732007266256, 0, 0.001514277914153592, 0.01713555163774724, 0, 0.0024422610297521936, -0.013818267089226665, 0, -0.0037570251500119245, 0.006544371617797031, 0
420, 0.0008944629112392093, 0.00022888376717020327, 0, 0.06023587392538522, -0.3822990983501402, 0, 0.49083812382225156, -0.5319546509398397, 0, 0.5872197755914312, 0.8101657651968039, 0, -1.122717932773925, -1.0106226078388043, 0, 4.270007386834148, 2.978100897864506, 0, 0.000004111959594665898, 0.0000013421982520718994, 0, 0.027326794537861087, 0.004240362085266851, 0, 0.014883755950995278, 0.013705105567956972, 0, -0.013932528612946173, 0.010086513538491765, 0, 0.009347277063661508, -0.010448463146379173, 0, -0.004310206383547631, 0.006193243806582054, 0
480, 0.0011592025020013728, 0.0003213631434961427, 0, -0.3716280401123865, 0.10464955571399683, 0, 0.47788559255858915, 0.5444193217540242, 0, -0.3935619771766524, 0.918775247242928, 0, -0.42154525842919094, -1.4541544750768889, 0, 3.99560561796986, 3.337986993941851, 0, 0.00000469253476092891, 0.0000017765568081690111, 0, -0.007446816143609849, -0.026624225521480426, 0, -0.015206282687552534, 0.01333554575236723, 0, -0.015802281428752674, -0.006795169522146758, 0, 0.013418734499317216, -0.003961863446086235, 0, -0.004830742602283863, 0.0057954180464925165, 0
540, 0.0014539349827864991, 0.0004434359061107967, 0, 0.25073055130072125, 0.29660164138677725, 0, -0.5903481064819647, 0.4169950084068196, 0, -0.9893982043004999, 0.1320199745596308, 0, 0.4062442357361144, -1.4631373116338633, 0, 3.6910500054110895, 3.672677391674391, 0, 0.000005107322137659008, 0.0000022920480366654545, 0, -0.021148351666026733, 0.017807687714119013, 0, -0.011635116885779636, -0.016530367872498918, 0, -0.0022595694289166152, -0.017056712585257205, 0, 0.013468535455541853, 0.0036604837864844105, 0, -0.005314701638191548, 0.005353919687390017, 0
600, 0.001769299510069374, 0.0005946036823376188, 0, 0.168150367445059, -0.34892828280007115, 0, -0.3500680828844434, -0.6317312795321187, 0, -0.6188765655729778, -0.7830111628410172, 0, 1.1142594835119422, -1.037850695447387, 0, 3.3586461997223394, 3.9796508086981333, 0, 0.000005405422594913148, 0.000002715280265884076, 0, 0.024970631182683282, 0.01188697232376829, 0, 0.01767825023518251, -0.009825587042970528, 0, 0.013492788658942578, -0.010683195788259651, 0, 0.009537124700860914, 0.010148768141307721, 0, -0.005758432014739453, 0.004872104127571668, 0
660, 0.002105306437539064, 0.0007684518686407586, 0, -0.3849443626612356, -0.006004872550553229, 0, 0.6680309054696564, -0.28171179917780476, 0, 0.35691312367869066, -0.9339829218528949, 0, 1.494461343611516, -0.3062384508484357, 0, 3.000909834144732, 4.256596558853015, 0, 0.000005809727109188901, 0.000003095549805438097, 0, 0.0004895430949018547, -0.027641841587425848, 0, 0.00790332705887379, 0.018626610792603398, 0, 0.01609133082772734, 0.006104921636631972, 0, 0.002820206658668911, 0.013620254552093283, 0, -0.006158589967311636, 0.004353631329536275, 0
720, 0.002467515530811508, 0.0009686512730993755, 0, 0.15651768836583627, 0.3560972857270134, 0, 0.21220256151960562, 0.6933581986458756, 0, 0.9870277605767546, -0.17390785500651007, 0, 1.4361828988584102, 0.5156824367153813, 0, 2.6205473078106287, 4.501431963226642, 0, 0.000006259911227666538, 0.0000036141025173624102, 0, -0.025359557706419886, 0.011007337812324857, 0, -0.019349955684811553, 0.005871897763793751, 0, 0.0030152540432022354, 0.0169397533016625, 0, -0.0047142298651347385, 0.013085998489785831, 0, -0.006512164606627167, 0.0038024364672025837, 0
780, 0.0028528013025410884, 0.0012047086323422242, 0, 0.2623361236366763, -0.2860495145815458, 0, -0.7080788037905926, 0.1365407366487959, 0, 0.6579880865989184, 0.7565979043053827, 0, 0.9564474457480181, 1.186232407147181, 0, 2.220435095975112, 4.712317956986998, 0, 0.000006554721181552028, 0.000004247621964498794, 0, 0.020524306456015308, 0.018538874829599802, 0, -0.0037757551848439444, -0.019858283697521417, 0, -0.012990896709900026, 0.0112733560568964, 0, -0.010876655139020716, 0.008697243631981781, 0, -0.0068165010386537885, 0.0032226997866161974, 0
840, 0.0032523327575537833, 0.0014776015621862058, 0, -0.3656598230946824, -0.11582125830972234, 0, -0.05627189105133429, -0.7196182045530596, 0, -0.3093141517624175, 0.9510889470882863, 0, 0.19538282803912038, 1.5068298606356918, 0, 1.8035977984647549, 4.887672848329669, 0, 0.000006750464654509499, 0.000004839185352688598, 0, 0.00838491809814989, -0.026344207293270305, 0, 0.020162336881706044, -0.0016540830901240026, 0, -0.016335229497571182, -0.005377405581071748, 0, -0.013849777649016428, 0.0017096371998606634, 0, -0.007069319749215243, 0.0026188146739574117, 0
900, 0.003663430461062715, 0.0017846262810324667, 0, 0.049588149046740276, 0.38615690464957625, 0, 0.7267983539152943, 0.019473719007862766, 0, -0.9718214581290017, 0.2199684879366147, 0, -0.6224523101301305, 1.380087196453145, 0, 1.3731851113033846, 5.026184115300499, 0, 0.000006959127742633546, 0.000005412502148500362, 0, -0.02744709052056504, 0.0032860313755306366, 0, -0.00048793296842863595, 0.02022854474538537, 0, -0.0037477819923353297, -0.016787767377524004, 0, -0.012710990178718653, -0.005835135656246073, 0, -0.007268732744236006, 0.001995354176258698, 0
960, 0.004085404580989927, 0.002128852960959432, 0, 0.3349528309991652, -0.1988016013986009, 0, -0.09065168558590755, 0.7194379590540122, 0, -0.6830561548987127, -0.7238467353167819, 0, -1.2526310574911612, 0.8410308559342028, 0, 0.9324479055385921, 5.126818091780926, 0, 0.00000708759567499931, 0.000006061344317929218, 0, 0.014359122043572054, 0.023639319947664536, 0, -0.020043465040300523, -0.002637032812104303, 0, 0.012503183853727411, -0.011824133061415307, 0, -0.007747998770649327, -0.011675089751151113, 0, -0.007413257838730088, 0.0013570344391492222, 0
1020, 0.004511566526480791, 0.0025116919910203, 0, -0.31537150386999047, -0.21549709541094036, 0, -0.6989433225160621, -0.1674623201915834, 0, 0.2757952757467105, -0.9597603215529832, 0, -1.504567839171657, 0.04974576222222746, 0, 0.4847135216571763, 5.188827510716579, 0, 0.000007096666759555799, 0.000006680766913235214, 0, 0.015578509194847915, -0.022840855978400146, 0, 0.004757053140219244, -0.019646902668439593, 0, 0.016567341014331098, 0.004671588903979673, 0, -0.0004291560399186949, -0.014018415690166585, 0, -0.007501829483670492, 0.0007086801883119655, 0
1080, 0.004937871832198955, 0.0029279981365410656, 0, -0.061106692418572764, 0.38435687077828584, 0, 0.24830651838423026, -0.6783740855670698, 0, 0.9703289685092024, -0.25771844539678757, 0, -1.301428327353688, -0.7557388173197719, 0, 0.033360569539915855, 5.21175692363812, 0, 0.000007133163069432861, 0.000007200276419109423, 0, -0.02723703814142233, -0.004709793170367245, 0, 0.019052814632885603, 0.0068155681912236785, 0, 0.004492476795830271, 0.016613736076331584, 0, 0.007023217187535069, -0.012135514560203094, 0, -0.0075338052969586775, 0.000055187565695584694, 0
1140, 0.0053683671430007395, 0.00337741252495945, 0, 0.3799120389371753, -0.09441365639121224, 0, 0.6566745978579018, 0.31809771813943266, 0, 0.724341040526805, 0.6983311718604508, 0, -0.7049166043682253, -1.3329268766337348, 0, -0.4182066157955011, 5.195445861032147, 0, 0.000007219589667899069, 0.00000780203821221947, 0, 0.00699207178448419, 0.026760836926844157, 0, -0.0087921527540187, 0.018222770269063476, 0, -0.011949608876489446, 0.012374690484239352, 0, 0.0123427774323632, -0.006611792820749599, 0, -0.007508970482329616, -0.000598513076575541, 0
1200, 0.00580155656458345, 0.003867715427748601, 0, -0.23827919663969455, -0.29659494268007985, 0, -0.37655409128899187, 0.6182468929316787, 0, -0.22210437756286314, 0.9772809089814023, 0, 0.10460048507147063, -1.5099277880617612, 0, -0.8665836632652903, 5.140029754445341, 0, 0.000007173831096259523, 0.00000854606766908232, 0, 0.021467969864990836, -0.01742449301944864, 0, -0.017163507451267292, -0.010671551317029494, 0, -0.01674448133346631, -0.003917476396546461, 0, 0.013947254200420029, 0.0008545024718987728, 0, -0.0074275386792453345, -0.0012474950059552506, 0
1260, 0.006225634517683362, 0.004400822794863634, 0, -0.16626420708085976, 0.35095610157751134, 0, -0.5645269060027152, -0.44054066786525986, 0, -0.9463034430673051, 0.3074277810136538, 0, 0.8850281023056789, -1.2365501269438157, 0, -1.3083918408702488, 5.045938636441818, 0, 0.000006944080425098309, 0.000009203530663307718, 0, -0.024745880859702654, -0.012310464875160689, 0, 0.012441504975786612, -0.015934867901435747, 0, -0.005208596065624912, -0.01638973958019432, 0, 0.011407817878444826, 0.008017983538689256, 0, -0.007290150013203105, -0.001886870733118186, 0
1320, 0.006634390664054353, 0.004968679730604845, 0, 0.3934968083040006, 0.01851210056854544, 0, 0.5094094252876394, -0.5150984710425167, 0, -0.7415906991509921, -0.6578589547369509, 0, 1.4059778753865941, -0.5963197228835644, 0, -1.7403034479731432, 4.913893674899668, 0, 0.000006703414310683902, 0.00000970787604415513, 0, -0.0009605187193708723, 0.02764262291170825, 0, 0.014547470674450226, 0.01407293508884842, 0, 0.011415719495329593, -0.012872299304468256, 0, 0.005522668322384055, 0.0127794610367304, 0, -0.007097864273115155, -0.002511829796833518, 0
1380, 0.007031444228745982, 0.005566994407659088, 0, -0.1408027876673008, -0.35219746871463586, 0, 0.47029459880549684, 0.5611524228629494, 0, 0.19278226952072322, -0.9768044455880825, 0, 1.5153681139644504, 0.22090699541519415, 0, -2.159066782870328, 4.744901439659942, 0, 0.000006523997626580167, 0.000010246603191605396, 0, 0.025560426642025586, -0.010548641061392475, 0, -0.01552631570655468, 0.012968263629802634, 0, 0.016912396754819276, 0.0032030875463631694, 0, -0.0019666220104486657, 0.0137742823815529, 0, -0.006852153323910491, -0.003117674843836262, 0
1440, 0.007416067091926918, 0.006199335176220365, 0, -0.25706909874166317, 0.2888650945255706, 0, -0.5944215818113893, 0.4081368345923863, 0, 0.9461987851436423, -0.33820683080676966, 0, 1.1815641320463053, 0.9748487704599862, 0, -2.5615305216446256, 4.540246091367218, 0, 0.000006272532280744734, 0.000010838619671723651, 0, -0.02018336589217953, -0.01887995501889316, 0, -0.011225966574451048, -0.016801333236742932, 0, 0.005932519226232839, 0.016159178388051167, 0, -0.008882198913755015, 0.010721332730968047, 0, -0.006554888999526901, -0.003699856032434706, 0
1500, 0.007781719617654515, 0.0068656280255822875, 0, 0.3745716916206643, 0.13060188495394306, 0, -0.3285374328699446, -0.6338592874807284, 0, 0.7850277671490009, 0.6359928466330272, 0, 0.5018996691332752, 1.4432620970552126, 0, -2.9446672953800985, 4.301479513051469, 0, 0.000005920232617914587, 0.000011352265801408892, 0, -0.008832336656679547, 0.026210616766086204, 0, 0.017913291276650048, -0.009381849181921155, 0, -0.010818178592352385, 0.0133803399860998, 0, -0.013202502571575214, 0.004490363778879318, 0, -0.006208328520260439, -0.004254004533791855, 0
1560, 0.008126848676347474, 0.007561321738627828, 0, -0.03109116994397037, -0.3775529865414512, 0, 0.6807294082725748, -0.2584983421684794, 0, -0.13336494046488248, 0.9972443518159355, 0, -0.3239713183033985, 1.4858926477957004, 0, -3.3055962768084735, 4.030409455841066, 0, 0.000005583258490621004, 0.000011836181293088595, 0, 0.027512738853374432, -0.002788850868511096, 0, 0.007444941686477544, 0.018824599753165402, 0, -0.017025946242864562, -0.0024271984629679415, 0, -0.013623241861499106, -0.003114672198060234, 0, -0.005815096308463283, -0.004775965754518149, 0
1620, 0.008451370349064702, 0.008287310060154008, 0, -0.3258935602236043, 0.20339931190865615, 0, 0.20107349131629704, 0.7056375716141822, 0, -0.9137634152274786, 0.39384571622968506, 0, -1.05045149226198, 1.0873123978934647, 0, -3.641604653052088, 3.7290857523311467, 0, 0.000005206613616642456, 0.00001237881259419359, 0, -0.013930646406133732, -0.023867719028856604, 0, -0.019489124884814902, 0.00540322627602582, 0, -0.006631302210789237, -0.015864900474587593, 0, -0.009965029550463802, -0.009836115037890574, 0, -0.005378164976473389, -0.005261829564355616, 0
1680, 0.008747779622449403, 0.009045104001916483, 0, 0.3247517182326373, 0.23262382954384914, 0, -0.7053257385018673, 0.12693566383089006, 0, -0.7948411749104238, -0.585470698399962, 0, -1.4587097686126353, 0.36477874137997185, 0, -3.950167846221176, 3.3997848090746947, 0, 0.000004658874075314059, 0.000012854037717529328, 0, -0.01596485509100561, 0.02258471044844408, 0, -0.003289805112583049, -0.019935269044052763, 0, 0.01023718317126174, -0.013821923126063658, 0, -0.0032870104650745413, -0.013626706155599314, 0, -0.004900832265129516, -0.005707958334979133, 0
1740, 0.009009568346338872, 0.00982626633264348, 0, 0.08169474045661021, -0.3703906761092401, 0, -0.03290987824753289, -0.7124980054671899, 0, 0.1076844680576471, -0.9850780346804089, 0, -1.4246013966498203, -0.4648810317889797, 0, -4.2289682646430675, 3.044992427274239, 0, 0.0000040803264341579036, 0.000013148928569645761, 0, 0.02716191076134166, 0.005205215561433289, 0, 0.02019454474886433, -0.001152584114465985, 0, 0.017124970633168805, 0.0017079079709382554, 0, 0.004394215003025348, -0.013311085404313378, 0, -0.004386695615949548, -0.006111014200332589, 0
1800, 0.009240907957013086, 0.010622157539664973, 0, -0.3669659986836844, 0.10184500530891191, 0, 0.7317098342447486, 0.04602819277216577, 0, 0.9140945150940133, -0.41493430000561815, 0, -0.958468010247836, -1.1515451623694872, 0, -4.475912482510502, 2.667385058459768, 0, 0.0000036429591737292307, 0.0000133996183402739, 0, -0.006511979334305638, -0.026857114833561534, 0, -0.0009858771630006443, 0.020218852036452118, 0, 0.0073258143846627755, 0.015579476536118431, 0, 0.010737436622077792, -0.008988214169451558, 0, -0.0038396252710437085, -0.006467983907822486, 0
1860, 0.009446362635406191, 0.01143598491049115, 0, 0.248213292233441, 0.31612944670820486, 0, -0.10280683604419448, 0.7262399639241545, 0, 0.8388832300650374, 0.569890778246155, 0, -0.201733693621558, -1.489528731182348, 0, -4.689146779465033, 2.2698096771089147, 0, 0.0000031921306704144007, 0.000013745279017972196, 0, -0.021760115239913468, 0.017068454315064343, 0, -0.01997591297195374, -0.0031187705172794873, 0, -0.009605657657068745, 0.01428224280918607, 0, 0.013835060079895066, -0.0019954512372269205, 0, -0.003263736119382982, -0.006776199866566462, 0
1920, 0.009620025720629352, 0.012271514992238169, 0, 0.18811929716867068, -0.3312199583588734, 0, -0.6894771077070662, -0.17480936939088715, 0, -0.04448764774690343, 1.0105647738271806, 0, 0.6182501638923287, -1.3799474142378947, 0, -4.867070873566514, 1.855262449710266, 0, 0.0000025727555587689176, 0.00001407481283719861, 0, 0.024536962380351822, 0.012764181928033457, 0, 0.005230998921310915, -0.019517789725744184, 0, -0.017177008118986817, -0.0009203359569167151, 0, 0.01280131942472069, 0.005546422136717551, 0, -0.002663355875269582, -0.007033359818712761, 0
1980, 0.009754910626138341, 0.013121878840577328, 0, -0.37682382135807285, -0.00718543709080844, 0, 0.269702895281249, -0.6620079704755072, 0, -0.8750709221794996, 0.47818157387631294, 0, 1.258225817082659, -0.8579566513283012, 0, -5.008349740657551, 1.426866283270314, 0, 0.000001925052816930912, 0.000014251849460392438, 0, 0.0014522516952182195, -0.027596655192822558, 0, 0.018875952973228832, 0.007286459295155526, 0, -0.008002684921982018, -0.015218499873312424, 0, 0.00799482055531213, 0.01140713830530806, 0, -0.002042993329271118, -0.007237543794504002, 0
2040, 0.009852560928407894, 0.01397999526563265, 0, 0.15138368119769396, 0.37428194923434693, 0, 0.6532630040982824, 0.3445647872899955, 0, -0.8428770714793062, -0.5076434273948787, 0, 1.5305494011456666, -0.07924988486694697, 0, -5.1119234814008445, 0.987847457895301, 0, 0.0000013429245896914053, 0.00001435975525519419, 0, -0.025733744334155748, 0.010124044396007208, 0, -0.009240792547447222, 0.018008372500574008, 0, 0.008978821553644906, -0.014665491543441288, 0, 0.0008563267188306027, 0.013893856124988467, 0, -0.0014073050298319956, -0.0073872281279023025, 0
2100, 0.009914679474885014, 0.01484551907603565, 0, 0.27928640431824714, -0.2631551624610343, 0, -0.38732259069225156, 0.619708286814161, 0, 0.020772623728552004, -0.9848783950873043, 0, 1.3559761494688725, 0.726877085683958, 0, -5.177015184487005, 0.5415115217905095, 0, 0.0000007149515472187884, 0.000014475105903765801, 0, 0.019857700941560006, 0.019255498611934402, 0, -0.01690345100271645, -0.01108245254994668, 0, 0.01720420871227572, 0.0001984168190879964, 0, -0.006530337677381455, 0.012298979057726561, 0, -0.0007610612687641336, -0.007481295633898526, 0
2160, 0.009937737267314948, 0.015715105347306968, 0, -0.3546443081580475, -0.11441454979682655, 0, -0.5496968198508854, -0.4430752615450712, 0, 0.8738855694368649, -0.4876961313940946, 0, 0.7853169731202917, 1.323341931680514, 0, -5.203136638177469, 0.09121863615148339, 0, 0.00000004908260483837517, 0.000014487365976349625, 0, 0.009294711494877568, -0.02602557498547956, 0, 0.012822441560063624, -0.015620759072253451, 0, 0.008661691636590335, 0.01487713144454925, 0, -0.012014392774675187, 0.007075902786932954, 0, -0.0001091092081732386, -0.007519044458959128, 0
2220, 0.009922812967904825, 0.016581339682609997, 0, 0.042377740496472305, 0.4023228545781613, 0, 0.5253449243409944, -0.49097708715383936, 0, 0.8852007141743159, 0.5000144742374858, 0, -0.014426499858689483, 1.5330062947495964, 0, -5.190091919471462, -0.35964153005942634, 0, -0.0000005195946323303107, 0.000014392898342664594, 0, -0.027552623180224393, 0.002332867394436739, 0, 0.014190254506201696, 0.014430025314940616, 0, -0.008318710947809959, 0.015072134901901783, 0, -0.013966608324666844, -0.0002732377718138201, 0, 0.0005436611944229114, -0.007500193203167345, 0
2280, 0.009875964472858448, 0.017443868597799363, 0, 0.34756755985843524, -0.17179516971963132, 0, 0.4594270296291748, 0.5842175055570764, 0, 0.04367162458525781, 1.0166500744270823, 0, -0.8066463059925273, 1.2912061178473473, 0, -5.13797886601932, -0.8076750779331135, 0, -0.0000010461275068322468, 0.000014367746009704067, 0, 0.01351567922517269, 0.024135026311179343, 0, -0.015845866783866288, 0.012587785319037564, 0, -0.017196017323238885, 0.0005931659838508494, 0, -0.011760142432886518, -0.007587847575763712, 0, 0.001192354016425005, -0.0074248824767747384, 0
2340, 0.009794812331832386, 0.01830650856399925, 0, -0.3022706853414807, -0.21075735218919023, 0, -0.6016692221043524, 0.4054135583455473, 0, -0.8307461299807888, 0.5593541162398883, 0, -1.3539313857547426, 0.6677249119368677, 0, -5.0471883520684155, -1.2495091929104845, 0, -0.0000016950722745786835, 0.000014369627803094847, 0, 0.01635908219742292, -0.022274456761163994, 0, -0.01081971007239756, -0.01706797091926248, 0, -0.00931349679345329, -0.014455749507916612, 0, -0.006006626200741147, -0.012661486367220426, 0, 0.0018321033655595681, -0.007293673941400735, 0
2400, 0.009671343189989325, 0.01916369143638004, 0, -0.0696791066892981, 0.39804904983287476, 0, -0.31085076038798715, -0.6296125792681957, 0, -0.8855705611110235, -0.4254858315230746, 0, -1.4904668958575016, -0.1512536408206194, 0, -4.91840138112952, -1.6818172987751594, 0, -0.0000024096367047056986, 0.000014172550812843664, 0, -0.027064813026917423, -0.005652949350405064, 0, 0.018129238992132098, -0.008938176863457147, 0, 0.007651270410805675, -0.015398292036486938, 0, 0.0015749339128045927, -0.013929762086159486, 0, 0.002458110068852755, -0.007107546528920294, 0
2460, 0.009507989685963314, 0.02000402121481711, 0, 0.38724093846198165, -0.06462721490565287, 0, 0.6884211159945455, -0.22956728046052138, 0, -0.06743016067997712, -0.9767772309938343, 0, -1.174669089676394, -0.9189050895333521, 0, -4.752584063586704, -2.101343922323141, 0, -0.0000029985724803372573, 0.000013826747164389894, 0, 0.006042035721781469, 0.026994932392044778, 0, 0.00697431097433855, 0.019002201149744765, 0, 0.017150958781393607, -0.001313718028997551, 0, 0.008675467542338706, -0.010996545018048616, 0, 0.003065675384758025, -0.006867889710704654, 0
2520, 0.009313993518143706, 0.020824734611123535, 0, -0.22410682558650707, -0.2879905448217325, 0, 0.1848514842508256, 0.7226537973039288, 0, 0.8257613536480471, -0.5564613150134907, 0, -0.5026805198892874, -1.4043646911352952, 0, -4.550980518845069, -2.5049289937469785, 0, -0.000003473848127736964, 0.000013542134092002577, 0, 0.022054003433008486, -0.01665830965815686, 0, -0.01962412324444259, 0.004926786592556889, 0, 0.009929394065145428, 0.01405819903683246, 0, 0.013141938923410043, -0.0047739952393085665, 0, 0.003650237171040471, -0.006576492311842914, 0
2580, 0.009090465225970588, 0.021629158184564772, 0, -0.17541086876607984, 0.3619412157579335, 0, -0.7076452422768521, 0.1220003315036784, 0, 0.9234634459455447, 0.4263544160220865, 0, 0.3226067603490849, -1.4638435114402086, 0, -4.315103645461199, -2.8895314630102438, 0, -0.000003988547094838374, 0.000013269626426007066, 0, -0.024310862710613095, -0.0131644681954066, 0, -0.002809442766684833, -0.020009794856311294, 0, -0.00696762756773623, 0.01574266318014872, 0, 0.013662624208006126, 0.002833201166943031, 0, 0.004207403612906852, -0.006235530453992825, 0
2640, 0.008834652833059214, 0.022414440853019992, 0, 0.39498776812968517, 0.04947466824540536, 0, -0.015402613138095244, -0.7007400003176769, 0, 0.1302968933295721, 1.0148061016976435, 0, 1.0550868067694192, -1.0823384324815535, 0, -4.046723929593489, -3.2522520744343644, 0, -0.000004518755221081663, 0.000012883972330569911, 0, -0.0019374434023789017, 0.027595027335829202, 0, 0.020207686614148287, -0.0006588633990305825, 0, -0.0170817681143982, 0.0020998989444021344, 0, 0.010136583921526207, 0.009553701442498595, 0, 0.004732985592528326, -0.005847551706557697, 0
2700, 0.008550245960053689, 0.023175122922965186, 0, -0.12668139714042567, -0.3395436238292972, 0, 0.7299197672355181, 0.07620385330551868, 0, -0.7811861325992776, 0.6360038806082328, 0, 1.479082917760485, -0.37483053215655093, 0, -3.7478563552598976, -3.5903551185679734, 0, -0.000004955533068849353, 0.000012472541122894513, 0, 0.025902394002874578, -0.009646200699646341, 0, -0.0014885386647965405, 0.020188198618512225, 0, -0.01055224494883966, -0.013583279221206043, 0, 0.003643141902274431, 0.013431945907238983, 0, 0.005223027374782563, -0.0054154565281951395, 0
2760, 0.008240552467785146, 0.023911745778413193, 0, -0.2659722877916819, 0.2971528639391995, 0, -0.1215445373525116, 0.7357105954362542, 0, -0.9226032752744291, -0.34033151344102347, 0, 1.4708490605384237, 0.4497179668138042, 0, -3.420745475517358, -3.9012889556545205, 0, -0.0000053812861621496996, 0.00001208829775418962, 0, -0.019521874616394583, -0.01957316791550767, 0, -0.01990246737398718, -0.003609856387705504, 0, 0.006264476866828036, -0.01601338681236472, 0, -0.003911196336023365, 0.013360040745966615, 0, 0.005673837316855789, -0.00494247654366641, 0
2820, 0.007902828864374368, 0.02462315070891193, 0, 0.3701391132975754, 0.1611116956232319, 0, -0.686414043259966, -0.17958520983657678, 0, -0.1562952884188178, -0.9615268587066743, 0, 1.032638648277081, 1.1489845956961302, 0, -3.0678487333807083, -4.1827052233561, 0, -0.000005865243885265886, 0.000011593921323247134, 0, -0.009755034103363518, 0.025885849277719888, 0, 0.005700162836473911, -0.01938527339995941, 0, 0.01696558857493831, -0.002818070723761447, 0, -0.010331019750507011, 0.009357260209020809, 0, 0.006082015010243938, -0.004432151955081818, 0
2880, 0.0075390532297653755, 0.025300529680598018, 0, -0.018188025685241846, -0.3609487297144491, 0, 0.28391243389537557, -0.6432965212536023, 0, 0.770140054360714, -0.6214720764652535, 0, 0.29216239604950417, 1.5162596462174123, 0, -2.6918182230589114, -4.4324765800691175, 0, -0.0000062305462700076074, 0.000010967323519722102, 0, 0.027582131448980814, -0.0018260816624540098, 0, 0.01868371393695703, 0.0077425154738424064, 0, 0.011122082886192727, 0.013128404523116819, 0, -0.013727961511118688, 0.002566922321498974, 0, 0.006444476605339866, -0.0038883053348455834, 0
2940, 0.00715963901076222, 0.025940348050079023, 0, -0.33380146663704924, 0.20924259187702482, 0, 0.6422806147018049, 0.3721453823518719, 0, 0.9535806887692417, 0.3487518600879437, 0, -0.5325642594006386, 1.4406372138238255, 0, -2.2954809758369823, -4.6487127996532305, 0, -0.000006404184805707334, 0.000010392257070986287, 0, -0.013098720172803705, -0.02434248968698768, 0, -0.009686048221653618, 0.017773617097001378, 0, -0.0055612138065281825, 0.016290383108773444, 0, -0.013058319373511432, -0.005031912863847435, 0, 0.00675847855005704, -0.00331501298444621, 0
3000, 0.0067696849108232725, 0.026549635137396915, 0, 0.3147654881633837, 0.2610404773013362, 0, -0.4051667443102702, 0.6215116151725101, 0, 0.21495785878712373, 1.0044084037637249, 0, -1.1956029313180485, 0.9419651166559941, 0, -1.8818178752773276, -4.829775101938701, 0, -0.000006605383241839404, 0.000009925117664291527, 0, -0.016755553078377075, 0.022009454600843897, 0, -0.01663407556447229, -0.011496894810680223, 0, -0.01683512951286826, 0.0035890115522856777, 0, -0.008468878200848195, -0.011167377936301244, 0, 0.0070216392170990944, -0.002716575275984296, 0
3060, 0.006364572114656637, 0.027130318916105366, 0, 0.09230211567284739, -0.350314874364769, 0, -0.5419160241933253, -0.44518489123842236, 0, -0.7264990854665716, 0.7069104940380893, 0, -1.496890294862413, 0.16807839806084246, 0, -1.4539414068638536, -4.974288687435466, 0, -0.000006904100710515575, 0.000009395698866208652, 0, 0.026952529460023248, 0.006147923198672762, 0, 0.01319350594374147, -0.015307672592346446, 0, -0.011707824371389758, -0.01260799297144207, 0, -0.0013111053957036074, -0.01396150974445702, 0, 0.0072319562294332505, -0.0020974855689265396, 0
3120, 0.005943747640964327, 0.027674336729551784, 0, -0.37322474462321487, 0.10568098840574855, 0, 0.5336041096961006, -0.46712661773623804, 0, -0.953286661422485, -0.25345813034375364, 0, -1.3448916064501315, -0.6483182413585636, 0, -1.0150724126806887, -5.0811532866553435, 0, -0.000007101133666868076, 0.000008732655635496158, 0, -0.0055788934053284, -0.027073168182937958, 0, 0.013827484952218484, 0.014767137570016865, 0, 0.004831374191957193, -0.016505087853337447, 0, 0.0062443554388538006, -0.012546328732731692, 0, 0.007387822593060009, -0.001462395867001235, 0
3180, 0.005515325944965858, 0.02817810662417605, 0, 0.23348001407691324, 0.3410326323257518, 0, 0.44105631091909375, 0.605786874674107, 0, -0.24464963363037617, -0.9397552446960479, 0, -0.7860303873840935, -1.2613151526088051, 0, -0.5685159657911281, -5.149551660472781, 0, -0.000007157938620748862, 0.000008076532826307317, 0, -0.022353702548631258, 0.016291467563441703, 0, -0.01615484962935372, 0.012190164897067896, 0, 0.016650000827812664, -0.004300742691293562, 0, 0.011898060553464034, -0.00736301328832838, 0, 0.007488039442482147, -0.000816082565433693, 0
3240, 0.005084435686663893, 0.028644973618046368, 0, 0.19548546780029813, -0.308393296429231, 0, -0.6156671482518, 0.40070640139681635, 0, 0.7079341806570809, -0.6826136294560746, 0, 0.010299529774600562, -1.488033737404558, 0, -0.11763656321211119, -5.17895599617436, 0, -0.000007208907691650206, 0.0000074746478766722985, 0, 0.024066419703756767, 0.013607781873943322, 0, -0.010404109352320308, -0.01733364847641376, 0, 0.012230139054596826, 0.012096666063134254, 0, 0.013961959408866506, -0.000008708113047565289, 0, 0.0075318262211311, -0.00016341114257218209, 0
3300, 0.0046514499796388815, 0.029074026552820584, 0, -0.38098064917159574, -0.004735712891511621, 0, -0.29989219624998986, -0.6273134663700817, 0, 0.9757852056836297, 0.26749311261659237, 0, 0.8053853243878316, -1.2633521538059533, 0, 0.3341671585910699, -5.169132195475727, 0, -0.000007213508206735736, 0.000006819287792664352, 0, 0.0024076986571607293, -0.02753649702703779, 0, 0.018339239426451014, -0.008499202364215265, 0, -0.004110014139989713, 0.016711598143936378, 0, 0.011867692513934177, 0.007298759972772667, 0, 0.007518826191743945, 0.0004906999449692096, 0
3360, 0.0042219229917371355, 0.029462699615588898, 0, 0.13307285233927701, 0.3944923841312914, 0, 0.6890652176576355, -0.20331285357552012, 0, 0.29755368697995754, 0.9852507992811604, 0, 1.363977052671252, -0.6565316488061267, 0, 0.7834879874095038, -5.120141880704592, 0, -0.000007074385494956758, 0.000006157842478403675, 0, -0.026079848663897228, 0.009209854418241913, 0, 0.006501903761832438, 0.019160386379121028, 0, -0.01645569462811837, 0.005050187292603257, 0, 0.006285008561687479, 0.012412379723340083, 0, 0.007449110827080806, 0.0011413177936515327, 0
3420, 0.003802759944118397, 0.02981597235734502, 0, 0.2827344696654675, -0.23859475698707755, 0, 0.1620915673999422, 0.7357760621835221, 0, -0.6664707825865734, 0.7713813241666874, 0, 1.5226268121198552, 0.15216345462159664, 0, 1.22693586415885, -5.032342199084092, 0, -0.0000069061350443410336, 0.000005628446111669738, 0, 0.019164942326871232, 0.019929187103247186, 0, -0.01974103187856029, 0.0044361316167904384, 0, -0.012771625111114134, -0.01153463218951004, 0, -0.001128654018823613, 0.01386383825763296, 0, 0.007323179981211233, 0.0017835306925548379, 0
3480, 0.003391567910477389, 0.030138702194068386, 0, -0.35641597820401316, -0.11266346585655079, 0, -0.7155810143865762, 0.11298857067992436, 0, -0.976834743480822, -0.16560196672494326, 0, 1.2351093994596718, 0.924855720603329, 0, 1.6611634979481584, -4.906383414217777, 0, -0.000006820466868915309, 0.000005112557297265989, 0, 0.010192736172794259, -0.02569397523596246, 0, -0.0023218847006535523, -0.02008059135876517, 0, 0.003361508172354509, -0.0168700942186745, 0, -0.008216758843316256, 0.01124131802993579, 0, 0.007141958736375065, 0.0024124859407608865, 0
3540, 0.0029854929466123534, 0.030425798705588494, 0, 0.02193062009941218, 0.41706383054744645, 0, -0.0035331380922706147, -0.693084455670054, 0, -0.33126773655189, -0.9117603455407269, 0, 0.5849509322831777, 1.4338682702172063, 0, 2.0828917069552126, -4.743204266196984, 0, -0.0000066819501923033635, 0.000004444723793038954, 0, -0.027623216849606936, 0.0013580209351869291, 0, 0.02021659041110878, -0.00017251112921937161, 0, 0.01620789882077079, -0.0057509778284768566, 0, -0.012910569784208981, 0.005289686563915839, 0, 0.006906790878211526, 0.003023426653593727, 0
3600, 0.0025934413372488752, 0.03067217335918243, 0, 0.3466937980874431, -0.14664461712611584, 0, 0.7224754831631943, 0.10134976064987386, 0, 0.6402543984235565, -0.7395087366672595, 0, -0.23731470722159342, 1.5270398636264648, 0, 2.4889342770822114, -4.544025098215359, 0, -0.000006350834124208784, 0.0000037818423005413765, 0, 0.012658796873328356, 0.024582375017682276, 0, -0.0019828330680377103, 0.020136355780748582, 0, 0.013245997389081656, 0.010972590661150057, 0, -0.013799690589419652, -0.0022726464684889197, 0, 0.00661942997859113, 0.0036117287493773013, 0
3660, 0.0022251949774910974, 0.03088380103218423, 0, -0.30164001331368173, -0.2089492655840834, 0, -0.14486537637025954, 0.7393139629072064, 0, 0.9905247264131505, 0.18319969351842239, 0, -0.9876875091761425, 1.1737977198676208, 0, 2.876222206576955, -4.310338874175727, 0, -0.0000059392699253981945, 0.000003297307178230183, 0, 0.017124251375189917, -0.02169991236066087, 0, -0.01980855599621563, -0.004103296829849261, 0, -0.0026265347791624683, 0.017003889293616736, 0, -0.01056576118636861, -0.00920687725246753, 0, 0.006282026879020787, 0.0041729347280508675, 0
3720, 0.0018795024844766505, 0.031068446408510995, 0, -0.09066744117143952, 0.40694989487906613, 0, -0.6872134380445432, -0.19004487224914704, 0, 0.3779927631280275, 0.9574674019563671, 0, -1.4405930785470968, 0.4774704024264368, 0, 3.2418270465395134, -4.043900115672583, 0, -0.00000559023229095481, 0.000002859111757112402, 0, -0.026853213034546748, -0.006606931630294714, 0, 0.0061729844136122316, -0.019249453940865417, 0, -0.01594686530964822, 0.00647120491390431, 0, -0.004136413503166994, -0.01340614821414035, 0, 0.005897113083463112, 0.004702789287280056, 0
3780, 0.0015543333375781258, 0.031225475678331675, 0, 0.3820185216521819, -0.04014433637328512, 0, 0.29423174771547894, -0.6303999088656728, 0, -0.6009730472180772, 0.8288609734622547, 0, -1.458602100585005, -0.3533636356740559, 0, 3.5829832169857587, -3.7467117754084502, 0, -0.000005224821795971539, 0.000002364993554900823, 0, 0.005092624834896819, 0.02717813127917911, 0, 0.018489841995732566, 0.00818904812606066, 0, -0.013733727912847285, -0.010371494280792067, 0, 0.003551438421427372, -0.013570109945558895, 0, 0.005467582684596259, 0.005197271941714423, 0
3840, 0.0012548225125289375, 0.03135397105977632, 0, -0.2212211176974854, -0.2854368197475708, 0, 0.6277474332109481, 0.39297550122027347, 0, -0.9923697103159539, -0.07744871640393093, 0, -1.0363721331235625, -1.0683539201375658, 0, 3.8971091321056464, -3.421010213383861, 0, -0.0000047572151669255175, 0.0000019336142777503365, 0, 0.022622271093516427, -0.015888345513776124, 0, -0.010115505967928474, 0.017522549516275646, 0, 0.0018676978966049407, -0.017104212429482665, 0, 0.010154089144996175, -0.009648689217641563, 0, 0.004996671024688129, 0.005652627840058107, 0
3900, 0.0009836605070123383, 0.03145897669394951, 0, -0.19530263432307862, 0.3651093242901928, 0, -0.42536243357564113, 0.6161338652841889, 0, -0.4147474278544028, -0.8776882403772298, 0, -0.3023090424915269, -1.4532359861385247, 0, 4.181826959272475, -3.069248396930401, 0, -0.0000042911629729816236, 0.0000015792882581949946, 0, -0.023835774134084987, -0.014018105928471643, 0, -0.01634587814634643, -0.011909683808606101, 0, 0.01564213725762031, -0.007156580894640861, 0, 0.013680828611959562, -0.0028580667732115133, 0, 0.004487929990463964, 0.006065396398435079, 0
3960, 0.0007389800261617182, 0.03154215606749256, 0, 0.38570871908518717, 0.07208678202018096, 0, -0.5357461005813169, -0.45412206147505674, 0, 0.5682849865784944, -0.7916529804969419, 0, 0.5226003587925488, -1.3951231236791584, 0, 4.434980795544907, -2.694077390005245, 0, -0.000003845190148799164, 0.0000011763212111889678, 0, -0.002899947688556032, 0.027498973670139107, 0, 0.013568715289537136, -0.014987229814199175, 0, 0.014160928417381228, 0.009763641031339802, 0, 0.013114172827630966, 0.004736324492222026, 0, 0.003945200894124332, 0.006432439277500864, 0
4020, 0.0005252450749364853, 0.03160053601135967, 0, -0.12194289567221336, -0.3356245587052667, 0, 0.5401789169724271, -0.45014210443753777, 0, 0.9983913460233488, 0.09654753014298433, 0, 1.1931952051443981, -0.9141777174705821, 0, 4.6546531992160975, -2.2983262864248615, 0, -0.0000032558858358656113, 0.0000007804680278163435, 0, 0.02622592550829287, -0.008746134814751932, 0, 0.01346479244548342, 0.015093240657242485, 0, -0.0011202574718882853, 0.01716588450505251, 0, 0.008676060839988821, 0.010882267881415794, 0, 0.003372586104148512, 0.006750964285994263, 0
4080, 0.0003509553269551192, 0.03163944097644535, 0, -0.28324513476577007, 0.29513028181166606, 0, 0.4216603144854084, 0.6197132481910334, 0, 0.45642582292695516, 0.9214485656495626, 0, 1.5125738302939418, -0.15445379306529042, 0, 4.839179928718364, -1.8849807822065558, 0, -0.0000025593792808078054, 0.0000005621216951738229, 0, -0.01882239958931965, -0.02025493956144052, 0, -0.016443271772714516, 0.011784207071875726, 0, -0.015313080216916651, 0.007844323859624898, 0, 0.0017042028742119924, 0.01380077344106484, 0, 0.0027744178715546526, 0.007018546850776229, 0
4140, 0.00021517393010020723, 0.031670424614826526, 0, 0.3574586784402007, 0.18074601866887538, 0, -0.6294432190503001, 0.3884322442683052, 0, -0.5298455181952803, 0.8792053223624403, 0, 1.3877026560280599, 0.659956860858404, 0, 4.9871627272242804, -1.457160539335175, 0, -0.0000019853188901176546, 0.0000004729146690635962, 0, -0.010649886699618354, 0.02551779461687093, 0, -0.009971973964152342, -0.01758993338705846, 0, -0.014588864672485451, -0.009126923433110399, 0, -0.005762959641933722, 0.012661019778411569, 0, 0.00215522421991509, 0.007233149148664848, 0
4200, 0.00011068361499337821, 0.03169521766684149, 0, -0.012091783376032703, -0.35521702551436607, 0, -0.2882987573361319, -0.6319546733595036, 0, -0.9991829639038707, 0.010629828977532719, 0, 0.854863584452448, 1.2894473950658596, 0, 5.097480038353894, -1.0180954540000846, 0, -0.0000014978910373068227, 0.00000032708111514165134, 0, 0.027634253618818633, -0.0008709758127091656, 0, 0.018546934953528414, -0.008054542623912076, 0, 0.0003610483702728583, -0.017205215415597813, 0, -0.011553506128807463, 0.007787118304379008, 0, 0.0015196949445511231, 0.007393136804182345, 0
4260, 0.00003853152806568416, 0.03170872561930796, 0, -0.3471214887782083, 0.20297570794870076, 0, 0.6903534155493046, -0.18427545648129084, 0, -0.4938585343719234, -0.8374112902046169, 0, 0.06974517770457689, 1.5471903311323938, 0, 5.169295667914135, -0.5711010820712473, 0, -0.0000008861059238057964, 0.00000014086328431397122, 0, -0.012233781961484166, -0.024795781434523777, 0, 0.0060381609459278784, 0.01930798077722269, 0, 0.014957204411607137, -0.008504600752137348, 0, -0.0139536491054894, 0.0005769823349166671, 0, 0.0008726459681248673, 0.007497290704694918, 0
4320, 0.000005786077461318938, 0.03171439889308207, 0, 0.29961657241834694, 0.2768278208607393, 0, 0.14097250778884793, 0.7413319249638263, 0, 0.4931387379697963, -0.8381171215271538, 0, -0.7357648683683583, 1.3541221152581908, 0, 5.202065213537618, -0.11955340724903978, 0, -0.000000198566783635324, 0.00000007681632435748525, 0, -0.017507999870823434, 0.021400650276585706, 0, -0.019836860127615423, 0.003946782044919562, 0, 0.01496645679576081, 0.008481180510331773, 0, -0.012205718198657569, -0.006856714275897278, 0, 0.00021898164180662744, 0.007544817077915347, 0
4380, 0.000012823968059929162, 0.031720521545814305, 0, 0.09909245472046505, -0.3424896076537757, 0, -0.7207805022783733, 0.09697066731482405, 0, 0.9997529643350171, 0.008796849286501093, 0, -1.3205887596376882, 0.7650307397210815, 0, 5.195540249115087, 0.3331368787902257, 0, 0.00000041751714542312987, 0.00000012274765661509196, 0, 0.02672875051643758, 0.007077467632179749, 0, -0.001822978978565786, -0.02013585709772252, 0, 0.00039475535840690273, 0.017196485419297667, 0, -0.006779999516884953, -0.012277515645097773, 0, -0.00043634303025545115, 0.007535353570346768, 0
4440, 0.00005626318371326668, 0.03172899908094437, 0, -0.38160865015109807, 0.0964345844524672, 0, 0.011206650804624466, -0.6917118712131917, 0, 0.5325453149614529, 0.8780464169794889, 0, -1.5076276533424073, -0.04475147489187205, 0, 5.149770223630761, 0.7835503860227938, 0, 0.0000010336111774652847, 0.0000001664465241063341, 0, -0.004620591572191933, -0.027259856032734862, 0, 0.020222803288024508, 0.0003178994811694947, 0, -0.014561004474442774, 0.009158463897955771, 0, 0.0007092901336873716, -0.0140160264805201, 0, -0.0010883598424097389, 0.007468972723684438, 0
4500, 0.00013812412221270588, 0.03174147933885594, 0, 0.21702544810243604, 0.3523790570952488, 0, 0.7180296935399598, 0.12007597624753069, 0, -0.4533890244489198, 0.9226044142588617, 0, -1.239837843236522, -0.8314736895850139, 0, 5.065102129341357, 1.2282850834159322, 0, 0.0000017066241186369712, 0.00000027834118097559686, 0, -0.022900232403003734, 0.015492262594573317, 0, -0.002468367255046026, 0.020079425335549028, 0, -0.015330453515431134, -0.007809519081595022, 0, 0.007982825075660048, -0.011529476227486847, 0, -0.001732125769438429, 0.007346180139061368, 0
4560, 0.0002590431785968966, 0.031765739410942115, 0, 0.2023311832493256, -0.2984064964009638, 0, -0.16421708852378433, 0.7363939984251325, 0, -0.9970167712522021, 0.09864805001552, 0, -0.5987405367704319, -1.3585460223727335, 0, 4.942177789187654, 1.6639822010771632, 0, 0.0000022988549903203416, 0.0000005352522979037837, 0, 0.023585650427567797, 0.014434350875351548, 0, -0.01969263766427837, -0.004590674157352623, 0, -0.001148854513928336, -0.01717024705636337, 0, 0.01283097539096446, -0.00559213529425571, 0, -0.002362762133876283, 0.007167911544616263, 0
4620, 0.0004118150237007111, 0.031805487962630975, 0, -0.3838001824896348, -0.01546364810909314, 0, -0.6830983646045103, -0.20607555555592205, 0, -0.5679507353939107, -0.7905205325049677, 0, 0.22190426032748226, -1.469654423486301, 0, 4.781928917317844, 2.0873518382160374, 0, 0.0000027763015958698558, 0.0000007748987376164703, 0, 0.0033791288758165143, -0.02744151200816294, 0, 0.006650364788533178, -0.019094052798322103, 0, 0.014155994248495535, -0.009786014133850824, 0, 0.013821777357284496, 0.0019738673686641064, 0, -0.0029754908883889, 0.006935525185694228, 0
4680, 0.0005935310576994728, 0.03185619192004347, 0, 0.11660580798035072, 0.40116604330151534, 0, 0.3093511056096185, -0.6223926895208604, 0, 0.4154037345709121, -0.8779181316909914, 0, 0.9770712482913558, -1.134608950510896, 0, 4.585569958402645, 2.4951980057014636, 0, 0.0000033125666479562075, 0.0000009198203235362456, 0, -0.026375322325993208, 0.008287559742355012, 0, 0.018293330961289028, 0.008637825728671557, 0, 0.01565743074531982, 0.007134436897006853, 0, 0.010713969276764223, 0.008902303375574967, 0, -0.00356567163490658, 0.006650791191109264, 0
4740, 0.0008113280875356318, 0.0319185075458335, 0, 0.2889558930456829, -0.2265788733974347, 0, 0.6182531415478844, 0.40879642847691045, 0, 0.9946590280754237, -0.07870686501059276, 0, 1.444236032049177, -0.45510398417305986, 0, 4.354588758430907, 2.8844429250248322, 0, 0.000003956529198479881, 0.000001185033683893221, 0, 0.01846747230615644, 0.020582740812295504, 0, -0.010532609946850657, 0.017268968827027824, 0, 0.0019067375210061483, 0.017096860613627845, 0, 0.004468978176783441, 0.013172141621498342, 0, -0.004128837488728249, 0.006315877115631175, 0
4800, 0.0010670264428340286, 0.03200293030989628, 0, -0.35353071870601827, -0.12328715827212039, 0, -0.439439009551634, 0.6061241080045838, 0, 0.6057689535802463, 0.8283087383434513, 0, 1.4871467598687758, 0.3677009715639754, 0, 4.09073509270452, 3.2521503938346354, 0, 0.000004528222056239385, 0.000001650154821774347, 0, 0.01109615923734408, -0.025325129979990684, 0, -0.016040489672547485, -0.01230459549948072, 0, -0.013697687490147466, 0.010403291876203858, 0, -0.0030740792041946516, 0.013562739987644585, 0, -0.004660729647023418, 0.005933331801688781, 0
4860, 0.0013515539267407355, 0.032115954238971914, 0, 0.006765238408232888, 0.4191828520976675, 0, -0.5231168478286217, -0.46646524495932035, 0, -0.3722486936400141, 0.9593719314232733, 0, 1.0933921391753698, 1.0918351608934798, 0, 3.79600724597789, 3.5955480932581136, 0, 0.000004944197461484725, 0.0000021111725981058407, 0, -0.027641819089609696, 0.00038930213504435787, 0, 0.013939941664578464, -0.014651013169624973, 0, -0.015953306811580806, -0.006431017864170548, 0, -0.009723070477168683, 0.009962934516792341, 0, -0.00515732859165106, 0.005506065363328243, 0
4920, 0.0016595945871445779, 0.0322549492419437, 0, 0.3517492321071615, -0.13291941272475014, 0, 0.5529488092575808, -0.43610475845291874, 0, -0.985927257084282, 0.1865074551375647, 0, 0.37781139248667844, 1.5033737942522587, 0, 3.4726366995361944, 3.912048566655569, 0, 0.0000053377181467181155, 0.0000025147530756663297, 0, 0.011803450863377413, 0.025008975357815877, 0, 0.013100234747987455, 0.015420337900991406, 0, -0.0026495231953062902, -0.01699980477087397, 0, -0.013527486942532807, 0.0033996078720400806, 0, -0.005614885626119473, 0.005037325824035932, 0
4980, 0.00199293299833394, 0.03241987060893583, 0, -0.2933004227223582, -0.21788705116326842, 0, 0.4087962121731982, 0.6306486961553478, 0, -0.6364665946821484, -0.7367473569402224, 0, -0.44903508100712564, 1.4784154066306336, 0, 3.1230710141160465, 4.199268757344413, 0, 0.000005758076497813433, 0.000003000302575314033, 0, 0.01788434682577121, -0.02108827920085022, 0, -0.01671770370101275, 0.011380510464087907, 0, 0.013244315207330172, -0.010989430369092957, 0, -0.013328450317339981, -0.004219558944662206, 0, -0.006029951354364218, 0.004530674089210238, 0
